1000
237
1068
193
304
752
862
427
148
802
33
331
172
7
1207
740
290
1057
1394
1240
1128
330
1035
880
556
282
96
1311
319
394
720
222
990
273
254
264
428
105
636
1331
1428
1375
1082
371
275
86
361
938
51
74
832
1426
101
668
1012
487
242
532
233
65
350
6
1239
973
330
337
785
189
1266
254
881
225
192
614
1371
779
227
1263
661
404
301
63
426
200
53
694
950
627
1149
1204
226
112
1447
1424
336
356
1042
636
1143
263
1111
353
132
1218
207
247
885
166
454
798
229
144
651
414
602
1225
1379
714
49
538
697
285
741
99
16
1354
1147
402
1014
400
194
300
1259
46
1177
922
448
1186
905
93
1311
902
545
1363
251
826
1279
35
1180
134
85
732
258
671
728
1256
1365
501
929
1019
708
495
166
391
1062
607
306
490
471
758
935
1389
493
303
746
634
104
276
943
759
286
900
923
1199
637
1127
521
654
1359
1208
159
1352
1303
409
538
925
576
0
965
44
799
665
348
643
918
944
614
108
56
777
57
1339
543
366
891
796
820
1156
472
1428
808
876
1367
22
669
637
453
1416
635
959
462
709
751
629
486
258
196
865
1086
1027
180
146
854
788
1090
848
178
415
1000
284
916
1347
1436
27
733
243
715
383
369
255
691
49
1129
1017
1262
298
980
556
907
1144
1219
289
830
228
135
1091
68
579
1327
1278
760
141
1226
136
527
756
264
131
871
575
1264
465
221
301
223
1089
1119
335
332
577
1033
940
1234
1178
232
1051
1273
349
938
913
818
191
1099
15
1257
713
1083
517
1381
719
516
881
1173
908
712
747
110
1380
23
1265
655
195
1069
1155
977
625
66
494
574
1269
1238
1098
847
48
491
58
1353
69
1145
1118
1415
53
933
842
114
633
473
1305
1275
1435
783
507
15
813
262
1036
939
9
601
974
380
84
945
718
1455
542
1441
1165
409
1260
887
1376
22
705
686
1361
1305
478
1298
378
281
1214
8
983
143
224
1320
137
693
591
1166
711
1347
1266
795
915
1478
377
924
1378
1409
558
83
1297
429
261
1136
425
710
333
656
90
43
88
496
835
81
890
6
819
1260
37
224
1368
1377
442
188
1167
1301
1015
75
1163
991
259
787
855
1071
1112
1292
530
1319
160
109
794
759
716
941
177
272
1004
488
886
630
1374
423
408
89
1304
157
456
902
745
140
951
1089
830
359
1047
55
1326
1198
50
1237
978
960
663
680
1
1277
1176
1124
1066
136
493
299
1239
1313
1083
260
1286
145
251
1387
586
430
1385
875
318
744
906
1312
942
532
698
1423
1267
823
1179
706
1228
793
1216
776
1255
778
649
1340
370
112
782
1106
939
1412
411
7
286
1331
1012
395
899
255
1372
391
1370
283
1090
1463
1456
592
727
507
800
479
406
152
1299
1285
83
1291
181
339
91
284
266
130
66
1267
976
1346
454
295
1055
1425
1273
994
615
893
772
355
793
1018
981
909
67
1178
917
899
316
445
761
125
1185
407
666
1215
1483
1011
305
1065
1418
393
1148
1179
1219
48
821
74
447
367
573
590
1070
901
994
1115
1284
354
1106
1203
1366
665
1246
288
949
265
904
1056
1386
976
139
788
766
1052
128
1155
1249
1157
1395
325
662
1088
680
47
770
1048
1446
447
1468
1417
1234
52
401
927
472
64
1195
161
1011
974
571
628
1190
1375
926
771
292
822
227
675
1319
797
993
883
233
801
1084
856
1258
412
102
94
1436
717
428
649
360
200
323
87
57
1005
345
297
435
241
354
1268
1227
128
853
397
1406
146
729
1024
125
1016
489
334
54
477
473
1066
1351
244
1461
608
687
1196
151
313
368
1245
1130
767
1313
1092
230
1457
1399
557
1177
62
885
713
1408
722
201
1
1137
1338
418
399
861
1209
703
957
485
416
1049
190
1360
735
215
1434
600
1194
1348
599
81
413
1302
1443
1340
836
964
1254
966
401
681
182
1473
1386
1100
92
351
979
924
1364
249
370
1069
1437
1236
1351
598
302
934
506
1146
490
1452
1224
650
794
1196
563
1129
417
505
953
721
436
1429
1205
147
1427
928
1235
1261
415
118
1217
602
983
1315
1240
660
699
1174
982
991
103
1337
972
1033
1190
158
1274
707
780
1241
849
1120
1384
392
877
990
769
312
377
1078
670
566
248
551
829
669
133
630
492
1292
36
1365
1405
1350
1388
52
644
417
1175
1382
1164
1034
903
296
106
55
120
526
1186
655
1382
234
1032
113
403
132
1360
1023
632
208
925
1442
1227
874
352
126
1255
182
1297
449
1472
129
1050
768
1077
492
626
784
718
734
566
644
1362
1045
664
792
1349
892
405
1275
1369
831
214
1087
730
1076
578
1327
662
1013
67
989
757
980
257
1276
914
446
689
396
410
103
650
513
1189
167
1046
156
704
429
1019
690
1407
109
634
1067
1247
1411
495
179
572
256
402
692
1398
1438
531
933
580
1206
1332
1383
91
1063
138
1291
1376
1387
317
241
992
786
372
1238
1483
398
762
901
1373
1413
1350
476
45
1193
502
956
387
742
250
822
127
17
753
412
234
544
667
95
620
